               precision    recall  f1-score   support

        apple      0.939     0.920     0.929       100
aquarium_fish      0.810     0.850     0.829       100
         baby      0.563     0.580     0.571       100
         bear      0.611     0.580     0.595       100
       beaver      0.606     0.570     0.588       100
          bed      0.786     0.810     0.798       100
          bee      0.828     0.770     0.798       100
       beetle      0.762     0.770     0.766       100
      bicycle      0.917     0.880     0.898       100
       bottle      0.845     0.870     0.857       100
         bowl      0.637     0.580     0.607       100
          boy      0.525     0.520     0.523       100
       bridge      0.808     0.840     0.824       100
          bus      0.793     0.690     0.738       100
    butterfly      0.787     0.740     0.763       100
        camel      0.707     0.870     0.780       100
          can      0.822     0.830     0.826       100
       castle      0.917     0.880     0.898       100
  caterpillar      0.704     0.690     0.697       100
       cattle      0.726     0.690     0.708       100
        chair      0.894     0.930     0.912       100
   chimpanzee      0.852     0.920     0.885       100
        clock      0.847     0.720     0.778       100
        cloud      0.869     0.860     0.864       100
    cockroach      0.866     0.840     0.853       100
        couch      0.767     0.660     0.710       100
         crab      0.712     0.790     0.749       100
    crocodile      0.644     0.670     0.657       100
          cup      0.804     0.860     0.831       100
     dinosaur      0.804     0.740     0.771       100
      dolphin      0.789     0.710     0.747       100
     elephant      0.766     0.720     0.742       100
     flatfish      0.667     0.620     0.642       100
       forest      0.816     0.710     0.759       100
          fox      0.810     0.810     0.810       100
         girl      0.509     0.560     0.533       100
      hamster      0.833     0.800     0.816       100
        house      0.748     0.800     0.773       100
     kangaroo      0.713     0.720     0.716       100
     keyboard      0.910     0.910     0.910       100
         lamp      0.767     0.790     0.778       100
   lawn_mower      0.899     0.890     0.894       100
      leopard      0.798     0.750     0.773       100
         lion      0.853     0.870     0.861       100
       lizard      0.559     0.520     0.539       100
      lobster      0.644     0.670     0.657       100
          man      0.504     0.590     0.544       100
   maple_tree      0.698     0.670     0.684       100
   motorcycle      0.889     0.960     0.923       100
     mountain      0.870     0.870     0.870       100
        mouse      0.602     0.620     0.611       100
     mushroom      0.750     0.810     0.779       100
     oak_tree      0.632     0.670     0.650       100
       orange      0.832     0.940     0.883       100
       orchid      0.808     0.840     0.824       100
        otter      0.475     0.470     0.472       100
    palm_tree      0.899     0.890     0.894       100
         pear      0.743     0.810     0.775       100
 pickup_truck      0.832     0.840     0.836       100
    pine_tree      0.667     0.680     0.673       100
        plain      0.857     0.900     0.878       100
        plate      0.738     0.790     0.763       100
        poppy      0.718     0.740     0.729       100
    porcupine      0.821     0.690     0.750       100
       possum      0.727     0.560     0.633       100
       rabbit      0.670     0.670     0.670       100
      raccoon      0.792     0.760     0.776       100
          ray      0.720     0.590     0.648       100
         road      0.898     0.970     0.933       100
       rocket      0.844     0.810     0.827       100
         rose      0.804     0.740     0.771       100
          sea      0.764     0.840     0.800       100
         seal      0.505     0.470     0.487       100
        shark      0.532     0.580     0.555       100
        shrew      0.520     0.640     0.574       100
        skunk      0.893     0.920     0.906       100
   skyscraper      0.908     0.890     0.899       100
        snail      0.747     0.680     0.712       100
        snake      0.755     0.740     0.747       100
       spider      0.775     0.790     0.782       100
     squirrel      0.627     0.640     0.634       100
    streetcar      0.733     0.740     0.736       100
    sunflower      0.949     0.940     0.945       100
 sweet_pepper      0.745     0.730     0.737       100
        table      0.694     0.770     0.730       100
         tank      0.824     0.890     0.856       100
    telephone      0.912     0.730     0.811       100
   television      0.794     0.810     0.802       100
        tiger      0.854     0.820     0.837       100
      tractor      0.911     0.920     0.915       100
        train      0.840     0.840     0.840       100
        trout      0.771     0.840     0.804       100
        tulip      0.680     0.660     0.670       100
       turtle      0.613     0.680     0.645       100
     wardrobe      0.877     0.930     0.903       100
        whale      0.769     0.800     0.784       100
  willow_tree      0.696     0.710     0.703       100
         wolf      0.765     0.780     0.772       100
        woman      0.577     0.450     0.506       100
         worm      0.736     0.780     0.757       100

     accuracy                          0.757     10000
    macro avg      0.758     0.757     0.756     10000
 weighted avg      0.758     0.757     0.756     10000
